1.622545069115168762e+11 6.988742031875717773e+11 6.924864241369920654e+11
3.696339069363158569e+11 8.623782943539479980e+11 8.629647278049023438e+11
5.043198459801371460e+11 9.314848826263355713e+11 9.376427974701981201e+11
5.703679819862902832e+11 9.658360896210933838e+11 9.582136768129287109e+11
5.813660312301711426e+11 9.774456745116088867e+11 9.725524455581258545e+11
5.962348525629478760e+11 9.799770795463659668e+11 9.708992410831622314e+11
5.990049306087371826e+11 9.647836151011926270e+11 9.808248679836000977e+11
5.980017500416727295e+11 9.742543223741092529e+11 9.855568496079187012e+11
6.015380454755068359e+11 9.781136211344189453e+11 9.765083917726617432e+11
6.026482764379622803e+11 9.715676081911621094e+11 9.810801151007075195e+11
