3.502893720457706877e+03 4.776796241638831816e+03 6.329553888156522589e+03
3.612167311634226735e+03 5.332542289701983464e+03 5.176871119827255825e+03
3.160232632361058222e+03 5.095465567355788153e+03 5.978331498698532414e+03
3.987043338691701138e+03 6.225447665878293265e+03 4.508172440619182453e+03
3.044889391957045063e+03 5.066497540727445084e+03 4.371295498149838750e+03
3.811925406246087732e+03 4.804856010817855349e+03 5.126747530402531083e+03
4.382615185987450786e+03 4.313189604248321302e+03 5.952994462107745676e+03
4.122307229892554460e+03 5.427631249355694308e+03 5.481157131736540578e+03
3.117279356620351791e+03 6.296375344704443705e+03 5.198052046943481400e+03
3.997695110318427851e+03 5.412434510833927561e+03 5.203717256224019366e+03
