3.402064142653498535e+11 9.966013772723443604e+11 9.933371838416628418e+11
5.312250959468613281e+11 9.598487538001772461e+11 9.549534609040024414e+11
5.754819197287314453e+11 9.683842475997767334e+11 9.681044099159488525e+11
5.916609309957777100e+11 9.744568496373090820e+11 9.744583919956784668e+11
6.017383795382083740e+11 9.708843660039731445e+11 9.756278333624176025e+11
6.012836392993444824e+11 9.765735136188419189e+11 9.722191593738114014e+11
5.885908586874511719e+11 9.797579296309510498e+11 9.685261254406551514e+11
6.065128146150515137e+11 9.721201017149145508e+11 9.778941932021654053e+11
5.996772413980532227e+11 9.684032116565102539e+11 9.743654666960721436e+11
5.979500449080675049e+11 9.743724401324239502e+11 9.773591464359915771e+11
