1.598511273778132200e+09 3.861762657107120991e+09 3.576348509713642120e+09
3.773158051329980373e+09 4.462905809211441994e+09 4.261432516091746330e+09
3.798802614981558800e+09 5.391992205383263588e+09 4.432902043792182922e+09
4.994207809368427277e+09 4.615216640968674660e+09 4.361804622061594009e+09
4.822915899141875267e+09 4.727117841065276146e+09 5.614633041606782913e+09
4.634644503453375816e+09 5.552611605380005836e+09 5.722163955808629036e+09
3.938252602184423447e+09 4.170903186123619080e+09 5.181603749110450745e+09
5.388604996851396561e+09 5.790285141827923775e+09 4.750392592534938812e+09
5.165420688642974854e+09 5.911107159078424454e+09 5.157548791583347321e+09
4.506828813788183212e+09 5.246479497711691856e+09 5.224411790990307808e+09
