7.725279292138120812e-17 2.508520147819500488e+12 2.540090991560021484e+12
1.051305346553073364e+12 1.521705633770004395e+12 1.529145926118493408e+12
8.053761706322592773e+11 1.158561951582960449e+12 1.170805939317783447e+12
6.619092241071542969e+11 1.018395767274873169e+12 1.012101483675196289e+12
6.162434706664431152e+11 9.794255962115285645e+11 9.992085721890379639e+11
6.092555080201789551e+11 9.849145341092547607e+11 9.786695300022987061e+11
6.022691077920891113e+11 9.835439664370595703e+11 9.763087297209709473e+11
5.933631888666217041e+11 9.789910549965584717e+11 9.723012831055262451e+11
5.988404536835799561e+11 9.822978475739815674e+11 9.730952136000468750e+11
6.149547675403018799e+11 9.691954790171665039e+11 9.787782550290640869e+11
