1.054891304451361997e+06 -7.677337520277020303e+03 1.015685118628457531e+04
9.827698439731904073e+05 -4.078536419157639557e+03 6.484657216415665971e+03
9.037615616394559620e+05 3.401454830592811959e+03 1.519294433762487188e+03
8.662535229316421319e+05 5.903005965927610305e+03 -3.178232878291100405e+03
8.492953335800432833e+05 -4.074820831718200225e+02 -1.339997095125431952e+04
8.467750202684216201e+05 4.311386622214856288e+03 2.725585319158071343e+03
8.404460784262742382e+05 7.789894971881419224e+03 1.224293802178757687e+03
8.423961183827428613e+05 1.437888286853850877e+04 2.776913183956893135e+03
8.296642618894948391e+05 -3.218514417152903206e+03 -4.461909051273714795e+03
8.326367932353251381e+05 -7.738226866524432808e+02 -7.775047648554081206e+03
