2.090880903727082563e-11 8.338320074118619232e+03 1.040422932662114181e+04
6.935574287392717451e+03 7.394936166827111265e+03 7.902289886282273983e+03
4.989636011329233042e+03 5.967191144260070359e+03 7.149020413007982825e+03
4.658264854401446428e+03 5.277624736469755589e+03 6.150856266208514171e+03
4.184049117185278192e+03 5.581026492182566471e+03 5.908337890369024535e+03
4.026599827261361497e+03 4.439688546604280418e+03 4.952431099825925230e+03
4.673414388489219164e+03 6.211765120933198887e+03 5.749234487910924145e+03
5.149458314673279347e+03 4.879887580482083649e+03 7.106480256818173984e+03
3.888666391754230062e+03 4.825129065061881192e+03 5.992813005902653458e+03
4.519568531452769093e+03 4.357550999755894736e+03 6.030300769668942849e+03
