2.748016131855229541e-10 4.903119977167738398e+04 4.940744005360425945e+04
2.770392975789582852e+04 4.165084764612188883e+04 4.258825374080115580e+04
3.336575874845842191e+04 3.758426757083166740e+04 3.811519595606454095e+04
2.890710177259126067e+04 3.492311682600880158e+04 3.414686908281753131e+04
2.680809337471802064e+04 3.203695021837823515e+04 3.275517306253817878e+04
2.620991601857152273e+04 3.124100385515092057e+04 3.227519193907855515e+04
2.466247302451021824e+04 3.104408300634027546e+04 3.170916270085957512e+04
2.470806788740222328e+04 3.075204893558830008e+04 3.151846211771772141e+04
2.452567751523262632e+04 3.065678776279102749e+04 3.148117459124114976e+04
2.434739211576297384e+04 3.074719228719325110e+04 3.133512857500821701e+04
