4.181019691945725936e+05 1.227485123244905481e+04 4.671990750532772654e+04
5.057112880998817855e+05 -2.174193487920010739e+04 9.576317050176332486e+03
6.010251954366713762e+05 -1.385523647222921136e+04 1.447209157671886715e+04
7.154693179385357071e+05 3.160766688478318429e+03 3.631124085124504199e+04
7.615662818200153997e+05 1.753581474636807252e+04 2.772208120328355290e+04
7.912975870331585174e+05 1.631056694066310229e+04 3.174426741254401713e+04
8.145248974654662888e+05 4.753718631286551499e+03 2.841858440895778404e+04
8.191905523472090717e+05 4.243221709092280435e+03 2.672422203708297820e+04
8.183220866670014802e+05 2.513218490766681498e+03 2.858856790664474102e+04
8.167856682150805136e+05 1.995407088531667341e+02 2.665086513650302732e+04
