2.910879337847756688e+03 5.632219879860208493e+03 3.893885751336541034e+03
4.336166199223678632e+03 5.403938836033868029e+03 4.463596914716480569e+03
4.380984270646588811e+03 6.361055576502913937e+03 5.614763132495352693e+03
3.647679684035088485e+03 5.668387582039172230e+03 5.547630181329167499e+03
3.913032416789109902e+03 4.944382310904029509e+03 6.086343889059463436e+03
5.140080964212444997e+03 5.270347201341319305e+03 5.617295543324458777e+03
3.779186598685207628e+03 4.982028952678627320e+03 6.199398875656959717e+03
4.704300615683418982e+03 4.609793829227516653e+03 5.474000116337486361e+03
4.415272732402682777e+03 5.954308994914329560e+03 6.708293092097163026e+03
5.223224398353351717e+03 5.724357251689865734e+03 5.724941345093192467e+03
