2.861544309398214817e+09 4.784267415567255974e+09 5.146370224185812950e+09
3.605373082232898235e+09 4.408649474835962296e+09 4.108121601640661240e+09
4.569853675352490425e+09 4.097573961207498074e+09 4.378646643220458031e+09
4.448613659955941200e+09 4.339776487137616158e+09 2.898559261735089302e+09
5.246026907976795197e+09 4.904999015790719986e+09 5.069182269892755508e+09
5.171158482155877113e+09 7.271331754234861374e+09 5.746011914802938461e+09
4.117769568739287376e+09 5.344331173488017082e+09 5.167902349939529419e+09
3.284364809634158134e+09 4.506701529013301849e+09 5.618626479325597763e+09
4.700890752215341568e+09 5.933149196155476570e+09 5.641585163029704094e+09
6.280787295472659111e+09 5.474700739839591026e+09 6.633585812656874657e+09
