0.000000000000000000e+00 2.345646349556645203e+10 1.638783055571523666e+10
1.013032740616649246e+10 8.923205921365732193e+09 1.029945853600560379e+10
7.450501127879405975e+09 9.913848590178222656e+09 1.340159242415580750e+10
5.516512788780472755e+09 6.271970634781219482e+09 7.362660427499834061e+09
5.056604131067093849e+09 6.560475845017082214e+09 5.572016963073280334e+09
4.968153260116564751e+09 5.323118197053663254e+09 5.506860668727689743e+09
5.930714338821954727e+09 4.406621925271870613e+09 4.813047873762380600e+09
5.655266189687361717e+09 5.296408058086955070e+09 5.662030911925751686e+09
3.237180535464704990e+09 5.146693660176204681e+09 5.105352304188388824e+09
4.499761505716196060e+09 5.179012116275770187e+09 4.829786667280527115e+09
