1.857671979645592928e+09 4.425117812023625374e+09 5.919719530755335808e+09
4.263442976621857166e+09 4.495171105251570702e+09 4.020719277062642574e+09
4.430024056165458679e+09 4.618756042933838844e+09 4.437794170690932274e+09
3.868041106207387924e+09 5.473403113210870743e+09 5.182827044814729691e+09
4.162658531655617237e+09 4.968803906946854591e+09 3.751433272583379269e+09
3.654507325052066803e+09 5.412691773105657578e+09 6.622938312001359940e+09
5.836055199417381287e+09 4.930907560601473808e+09 5.962393843896811485e+09
4.970214896594913483e+09 4.300482154968554497e+09 4.590470062224304199e+09
4.814220806456145287e+09 5.005724065783099174e+09 5.014181915288164139e+09
4.878887947440537453e+09 5.913708691170817375e+09 5.233335618951219559e+09
