4.181019691945724771e+05 -3.620886331531984979e+03 9.378437085276407743e+03
5.576627922047226457e+05 6.177131251704857277e+03 4.716538555158394047e+03
7.408141739037474617e+05 -8.853158724318589520e+03 3.023691632318785651e+03
8.012242607031195657e+05 5.291381931607877959e+03 -2.268532869778398435e+03
8.278072834899313748e+05 -9.552889919756042900e+02 1.611559888048373523e+03
8.309668292714223498e+05 2.055523466022148568e+03 -6.935859201527980076e+03
8.339820690743278246e+05 -3.756217114989486163e+03 -6.654967094230004477e+03
8.424603488750883844e+05 7.956634842292677604e+03 -7.501234712316515470e+03
8.365759733654580778e+05 -6.365015533286502432e+03 -3.702269079245774037e+02
8.313330347614606144e+05 3.929867244951245198e+02 -4.423355120809344953e+03
