1.304605352340482641e+06 -5.492052903822089320e+03 2.842338652471858950e+03
1.077098013206396718e+06 3.298762519265117589e+03 2.579037953594418013e+03
9.387563752025209833e+05 -4.366967762212618709e+02 -6.577175782136681846e+03
8.717796009385028156e+05 6.777119936758835138e+03 2.632709643831247377e+03
8.502359738138035173e+05 -1.195736091333617878e+03 3.582395910948788242e+03
8.408613278148687677e+05 7.062600354032606447e+03 3.223423457670851349e+03
8.423847749683000147e+05 2.743880325203420853e+03 5.947486640145649289e+03
8.345532182498242473e+05 2.426257527296640546e+03 -2.293728862914104866e+03
8.358192183834109455e+05 -2.298126291126079195e+03 6.222218044530433872e+03
8.362428051809947938e+05 6.008766120821007462e+03 3.078033060680138988e+03
