2.377074658138575614e+03 3.760328666261517810e+03 4.178602716017158855e+03
3.105902885970216630e+03 4.151967089883943117e+03 5.190714114635968144e+03
3.183221011459225792e+03 4.719381480311134510e+03 5.803818264906281911e+03
4.741523164205216744e+03 4.562547560615569637e+03 5.653271377919571933e+03
4.441558021858834763e+03 5.482019979018874437e+03 5.623927784719813644e+03
4.176501783275880371e+03 5.685469813506484570e+03 5.795644476310210848e+03
3.241054752777371050e+03 5.047674467383865704e+03 6.766567159376029849e+03
4.405010862788913073e+03 5.475661721299450619e+03 5.591323652423922795e+03
4.616294655421359494e+03 4.496398406654283463e+03 4.812980037653384898e+03
3.645002699179537558e+03 5.462916222416299206e+03 5.151472501778434889e+03
