2.481392812220036011e+11 9.494310123273139648e+11 9.439455395216741943e+11
4.424687041072241211e+11 9.279940615801789551e+11 9.183284771498251953e+11
5.362287554030314331e+11 9.565200410378305664e+11 9.450332258999532471e+11
5.694711148156323242e+11 9.597666464093479004e+11 9.748011505384144287e+11
5.901846857231904297e+11 9.727503643566345215e+11 9.707104335408806152e+11
5.932997690015593262e+11 9.685149366213092041e+11 9.759537035848453369e+11
5.954990337787196045e+11 9.718914296516452637e+11 9.807303141900566406e+11
5.975033842121094971e+11 9.755731627773806152e+11 9.715096937919617920e+11
6.087371424978702393e+11 9.784192484482235107e+11 9.789060177570427246e+11
5.987408515031492920e+11 9.827474141816588135e+11 9.797269500972292480e+11
