9.617390434329498094e+05 -4.305558598632300118e+02 2.466519049582659591e+02
8.991958340823994949e+05 -9.138902511295913428e+03 5.790180385988463058e+03
8.613487865535604069e+05 -8.369676599275977424e+03 3.781502041241854386e+03
8.448333153900486650e+05 4.695177326003708004e+03 9.957842537323807846e+03
8.403298024877640419e+05 -3.979496182118812158e+02 -4.183840245671259254e+03
8.390627827319274656e+05 -2.884302735377477347e+03 5.833077554537249853e+03
8.470299841439089505e+05 8.061285057738989053e+03 2.928151114647664599e+01
8.354505237525461707e+05 -4.985963151526920228e+03 1.968476189932729028e+02
8.433546109631703002e+05 -9.650139209915244010e+02 -3.316847283819868608e+03
8.391804919286398217e+05 -4.283343089411987421e+03 -1.352806481325085088e+03
