6.198113617134142821e-11 1.412605066792182042e+05 1.408273201029660704e+05
8.715701137888990343e+04 1.214079391939414927e+05 1.139953474637319014e+05
9.030460261288187758e+04 1.021740297453126113e+05 1.041063242125545803e+05
8.599707136840744352e+04 1.096819178182472097e+05 9.843558751451912394e+04
7.094891807101026643e+04 8.791424750539047818e+04 8.749801485457857780e+04
6.970661738923766825e+04 8.754473544704190863e+04 8.686213247058333945e+04
6.469487967593298526e+04 8.771398212353527197e+04 8.746920909448510793e+04
6.246797603177596466e+04 8.678949982270238979e+04 8.697029995203916042e+04
6.161387208304555679e+04 8.765471608626148372e+04 8.726191520374128595e+04
6.118258172518821084e+04 8.823603754117211793e+04 8.736974017732348875e+04
