4.181019691945631057e+05 6.443610471533634700e+04 2.370861627637599013e+05
5.303185386224744143e+05 3.877191060454389662e+04 1.922142931875227077e+05
7.575828813464182895e+05 -4.647583402808630490e+04 2.003822929468540824e+05
7.373340500699973200e+05 -3.108765227583827800e+04 1.040594654698124214e+05
8.571297305866492679e+05 1.645107627143013087e+04 1.336687987243942916e+05
8.542956262974888086e+05 -4.819980400646796625e+03 9.378492779869673541e+04
8.947619701225841418e+05 1.495776023708782668e+04 1.086349301154838322e+05
8.886013296594744315e+05 2.543748325869151449e+04 1.088705964358277124e+05
8.931726670733581996e+05 2.784753874652542436e+04 1.127403242142678937e+05
8.891128471040816512e+05 3.285530430694200913e+04 1.180892758014235442e+05
