9.661692555709539447e+05 1.720676870402948043e+04 -3.963190318167133955e+04
9.409895944791460643e+05 1.088766156284376484e+04 -5.500901680730732187e+04
9.162826996965253493e+05 3.056976533885037134e+04 -5.346556171345402981e+04
8.935346553202697542e+05 3.862749158983826055e+04 -4.645885538126045867e+04
8.893118842056797585e+05 4.869952860263641924e+04 -5.352453864120059734e+04
8.801941679591538850e+05 4.920431264338647452e+04 -4.777149281399952451e+04
8.779964925654316321e+05 5.105172897207221831e+04 -4.687070170644895552e+04
8.745074460264111403e+05 4.828746157167068304e+04 -5.259273861478835897e+04
8.748609305538878543e+05 4.587019334358055494e+04 -5.559931705614387465e+04
8.755826891453571152e+05 4.630091799496930616e+04 -5.623302476179525547e+04
