1.301709947039994644e+06 1.771212071095554711e+04 -1.954994300421853040e+04
1.145186107819150202e+06 2.470434897028898195e+04 -1.680618331312228474e+04
1.020316492322608596e+06 1.994640362854643899e+04 -1.474459603014933964e+04
9.414262478710231371e+05 2.376945905125636273e+04 -1.926159276092329674e+04
8.955179548472514143e+05 2.439789552896882378e+04 -2.005469321751386087e+04
8.622276209491339978e+05 2.457999421272789186e+04 -2.067441316905869826e+04
8.477209573741840431e+05 2.655051563549898128e+04 -2.368338765557043007e+04
8.386672255409802310e+05 2.594104443308898772e+04 -2.482771375565517519e+04
8.328428684300746536e+05 2.571778377044608715e+04 -2.351041500037254082e+04
8.305081215601217700e+05 2.552243613288588313e+04 -2.417244512854076311e+04
