1.203359592349565355e+06 4.193783902635438426e+04 -3.262017534192103267e+04
1.065596070664711995e+06 4.443496544359202380e+04 -3.712063825700836605e+04
9.729072200220269151e+05 4.044889395453911129e+04 -3.848751283393281483e+04
9.075073780023724539e+05 3.759367183340920747e+04 -3.258100298525671315e+04
8.681735153787952149e+05 4.318958502014417172e+04 -3.231889374244846476e+04
8.436355119977928698e+05 4.583763321985110815e+04 -3.652667319877477712e+04
8.289694233923295978e+05 4.392414251683367911e+04 -3.437867257316217001e+04
8.230003230523801176e+05 4.371918907938677148e+04 -3.440880547175272659e+04
8.200939882240133593e+05 4.291695208693473251e+04 -3.402336509570873022e+04
8.185282625505758915e+05 4.245036550376653031e+04 -3.266520820740839190e+04
