1.876271468120065038e+04 3.072659105391732373e+04 3.119451310654653571e+04
2.216041522158538282e+04 3.020629251044971897e+04 3.019021865053702277e+04
2.277049222687073052e+04 3.040669180071284427e+04 3.026735825937070695e+04
2.325796100335955634e+04 3.039079582179336649e+04 3.057818716172202039e+04
2.331142572476577334e+04 3.017447434951050673e+04 3.084552179173746845e+04
2.326374068128657746e+04 3.030942061854450731e+04 3.101286096466724484e+04
2.327679012012405292e+04 3.051903169767065629e+04 3.085642956458507979e+04
2.329327277198312731e+04 3.049395937461100402e+04 3.096079081614305323e+04
2.328315821807862812e+04 3.043904531169523034e+04 3.101109136178161498e+04
2.324861893967017386e+04 3.041382730977452593e+04 3.104007849477268974e+04
