1.071454461282818113e+06 5.403768310435665626e+04 -4.329801805905087531e+04
1.026465178770512226e+06 4.163871092381831841e+04 -2.531978061358057676e+04
9.690797848510844633e+05 4.648401473192954290e+04 -2.715428508005128242e+04
9.305492407245513750e+05 5.586669087430723448e+04 -3.034310742596603450e+04
8.926349871357341763e+05 5.120020705629565055e+04 -3.612534807957510930e+04
8.719232279809375759e+05 4.931972624202327279e+04 -3.528333350609596528e+04
8.586535562799071195e+05 4.920871083938698575e+04 -3.708866954284078383e+04
8.505810356476408197e+05 4.951186040484572732e+04 -3.564621951519152935e+04
8.445957633490979206e+05 5.011340030842053238e+04 -3.556731685539731552e+04
8.427165259569443297e+05 5.057248425712231256e+04 -3.620010176098068769e+04
