1.320598222987137342e+04 2.809035024071324733e+04 2.831675097427491710e+04
1.824398374411706754e+04 2.927805264441532927e+04 2.966969515627932560e+04
2.116987394042453525e+04 2.979198919686544104e+04 3.032391996877501151e+04
2.302277188004421987e+04 3.022033501960555077e+04 3.054163842723796188e+04
2.390531873148092563e+04 3.023089579946494996e+04 3.096103756812563734e+04
2.438824697811244550e+04 3.041486198322717973e+04 3.105886548861397750e+04
2.463713096746488009e+04 3.047065848128330981e+04 3.119855967976774991e+04
2.480968369854753837e+04 3.054556546261707263e+04 3.114324981877289247e+04
2.484244643380817797e+04 3.056602911399463119e+04 3.117348945374764298e+04
2.485189375713250411e+04 3.060079941865286673e+04 3.117411746865152963e+04
