1.526485302955667794e+04 3.065574225252014367e+04 2.973045068889270624e+04
1.961813172650568595e+04 3.020348500437812618e+04 2.922662751526436841e+04
2.162043867139021313e+04 3.052088436660060688e+04 2.939011100612873270e+04
2.257160821870895234e+04 3.070487793523271466e+04 2.968011999181362626e+04
2.334334679196583966e+04 3.084504830264507837e+04 3.007542101065709357e+04
2.381402326796469424e+04 3.091241263365334089e+04 3.023481115454982137e+04
2.398973538089311114e+04 3.098601476046903190e+04 3.038945719548405032e+04
2.413322837621682993e+04 3.106815398303078473e+04 3.041508900111199910e+04
2.418855837709434491e+04 3.114946825516062745e+04 3.045011833065370229e+04
2.419308148280860041e+04 3.117821001683346185e+04 3.046653012207166830e+04
