1.218326758193047863e+04 2.593612382392084692e+04 2.655999724059738219e+04
1.697752260844815464e+04 2.800757129088318834e+04 2.877641258611408557e+04
1.997809672180884809e+04 2.925258869752834653e+04 3.017451212482947449e+04
2.199874605950607292e+04 2.982313740809760202e+04 3.070740071461745538e+04
2.304027306836895150e+04 3.017470828759217329e+04 3.094053177591199346e+04
2.363317934364356552e+04 3.058755880017845266e+04 3.101168697023922869e+04
2.389467505434306076e+04 3.080952982263069862e+04 3.097881551871903139e+04
2.404730377029137526e+04 3.086967817442470914e+04 3.104128910212587289e+04
2.415416704288962501e+04 3.091543275816028836e+04 3.106724671620575464e+04
2.418112491022945687e+04 3.096439284182345364e+04 3.105827230656849497e+04
