2.249587595900589179e+02 8.590239084274157904e+02 7.713603808911552733e+02
2.266909517746496192e+02 8.945719656562531554e+02 9.558494654224056148e+02
2.664025729043863180e+02 9.941156864961213842e+02 8.981925528406087551e+02
2.801711806762597803e+02 8.097689581584884309e+02 8.151826128816098844e+02
2.288973225580543556e+02 1.005921595996199017e+03 9.422546273096648974e+02
3.392866422828560076e+02 8.616851335087120560e+02 1.007704575093115750e+03
2.678862032191812546e+02 7.448365748075016199e+02 7.767321603607762199e+02
2.786026467825406030e+02 9.127195615752452795e+02 7.608144919661399399e+02
2.854110044209099328e+02 8.397843215024489609e+02 8.359640279076435263e+02
2.628965769655321765e+02 7.810760051836076627e+02 9.131124914883448582e+02
