1.293396462422093201e+10 2.304104215518890381e+11 2.307532478753089905e+11
1.501020355530956268e+10 2.277420304757234497e+11 2.266474055549028931e+11
1.605393172744960213e+10 2.259592918131950073e+11 2.253351098262122803e+11
1.648359228074889946e+10 2.249200335935697632e+11 2.248143346177640991e+11
1.667271438584870911e+10 2.232407697037327271e+11 2.233550966323065491e+11
1.679990476415882111e+10 2.235537544893357239e+11 2.227318178622878418e+11
1.676830886106768417e+10 2.232667732706987915e+11 2.232148248768989258e+11
1.692902718333060646e+10 2.240777587315538025e+11 2.236312582378530579e+11
1.700377203818088913e+10 2.237541534623879395e+11 2.229313169622339172e+11
1.694976083246732712e+10 2.231382704732690125e+11 2.238855429148480530e+11
