5.458899598964821547e+07 5.773454362030841112e+08 6.872416507879903316e+08
6.315451344878557324e+07 4.467974230541628599e+08 6.561726662493779659e+08
8.498721194849132001e+07 5.814931757778859138e+08 5.785812740307018757e+08
8.222541269235065579e+07 4.677707517873395681e+08 6.674298867759777308e+08
7.387146054881565273e+07 6.175150910353171825e+08 5.510933133654433489e+08
1.089550482161029875e+08 7.191840540913267136e+08 6.957771729695571661e+08
7.916277310028609633e+07 5.120355336564324498e+08 6.013622351673253775e+08
9.304986403111253679e+07 6.486987940385934114e+08 6.195773460097624063e+08
1.047095302762228847e+08 6.683915832526082993e+08 5.711617264104133844e+08
9.119289932641075552e+07 5.996675984465515614e+08 4.972198896252217889e+08
