1.669416235372442752e+06 -5.804081982372068751e+02 1.089751281008175965e+03
1.670237783212332055e+06 -2.251943618695325711e+02 9.433933801593851740e+02
1.670543400107799564e+06 -3.483215511273548941e+02 -1.027678957824429773e+02
1.670692903903940460e+06 -2.683730348315039578e+02 9.920741278082455210e+02
1.671431624173970660e+06 5.282586031146668120e+02 -1.165944379542130719e+03
1.671479119920552941e+06 2.047571157411579861e+03 7.786451681143169026e+02
1.671431276205210481e+06 6.925844214573107820e+02 -4.924119119157379600e+02
1.670973009312614799e+06 -8.617429072969293884e+02 -1.496837987722364858e+02
1.671256086173341144e+06 -7.050369210653675509e+02 5.825507920942120563e+02
1.671159382328257198e+06 3.232473609313536826e+02 5.715540041682679657e+02
