7.411402315547323227e+07 5.513567453912891150e+08 6.617819024175120592e+08
7.137878867530652881e+07 5.142881595743770003e+08 5.540993008141595125e+08
8.634145873406921327e+07 6.263018754845812321e+08 4.793801044931158423e+08
7.807163782350832224e+07 4.524725697081030011e+08 5.732049320520600080e+08
1.007133799267154932e+08 6.173860737300647497e+08 6.029997462808650732e+08
8.196787354789981246e+07 5.781028832198148966e+08 6.178537161516675949e+08
7.620102064567600191e+07 4.506247767239546776e+08 5.371996997220107317e+08
8.018038166091191769e+07 4.538399339137679338e+08 4.910328094244508147e+08
9.871927533872339129e+07 4.753278656996809244e+08 6.222489116497970819e+08
8.940229716440123320e+07 6.575992863966305256e+08 3.901443114525550008e+08
