1.675323422558224294e+06 -6.602744187714538384e+02 -3.551541050315531720e+02
1.673148265573228477e+06 -9.804027311706405499e+02 1.254241213816910431e+03
1.672654483670038870e+06 -4.336052940430022886e+02 -7.401646662870607543e+02
1.671797233519353205e+06 3.279481158137981538e+02 -4.865754936701085853e+02
1.671866719685474178e+06 5.238747720741522471e+02 7.238099126201620948e+02
1.671431874270673841e+06 -1.955686762953207790e+03 8.722029977979808564e+02
1.671161222101953113e+06 -3.241050262445216958e+02 -5.031981344103421634e+02
1.671632494480665540e+06 1.646472329149267352e+03 6.957679166579257526e+02
1.671560026966835372e+06 1.406068147189510228e+03 -1.723421068271504737e+02
1.671597286630684743e+06 2.581467107137987568e+03 -1.127464582966086482e+03
