2.548614763884346530e+02 7.027988384807479179e+02 8.889167022094597996e+02
2.195143249377449308e+02 8.166788239631503075e+02 9.838379749396365241e+02
2.541887269114600088e+02 8.596420842916546690e+02 7.973746832240506137e+02
2.564200414604235903e+02 9.756142602983143206e+02 8.320526877872196110e+02
2.323846419622288408e+02 9.472549718819474265e+02 1.258060510519928357e+03
2.379039944079731583e+02 9.314402283172159969e+02 9.799383724372107736e+02
2.728946350082354684e+02 9.756065758120516875e+02 7.551890253789770213e+02
2.229740098261634387e+02 9.104965921065452221e+02 1.005297890976266444e+03
2.849078604856880474e+02 1.204057613440518708e+03 1.212681481318161786e+03
2.909113337125831436e+02 1.031029513885971710e+03 1.066501113198063649e+03
