1.647895519894686508e+10 2.215393117547993469e+11 2.214267921600400696e+11
1.687347821948460388e+10 2.228649573554248352e+11 2.229496750701444397e+11
1.674716384281546593e+10 2.225615898382124939e+11 2.223087673590289917e+11
1.693117150920162010e+10 2.235347231445723267e+11 2.236800780436300659e+11
1.687655958653591156e+10 2.233469808031250916e+11 2.227274182643971558e+11
1.693185398258219528e+10 2.236250560428402710e+11 2.239179205261250916e+11
1.683764333778530121e+10 2.230575092901155396e+11 2.234011031461763306e+11
1.695944325794439316e+10 2.232761995930369568e+11 2.238216860263526611e+11
1.690028910060448074e+10 2.238058612644454346e+11 2.227840820604341431e+11
1.679367164368407249e+10 2.229677733958728943e+11 2.235628669618708801e+11
