1.546675835770695877e+10 2.162098116649230652e+11 2.157131079664471130e+11
1.626739582978505325e+10 2.191455268895383606e+11 2.209606567560345154e+11
1.661334406273553848e+10 2.214956704577932129e+11 2.224574769372246704e+11
1.673541742259641647e+10 2.216438487598554382e+11 2.232475974101885071e+11
1.685945008869710159e+10 2.225025494155748596e+11 2.227658591714730530e+11
1.698676492577992630e+10 2.231829389813157349e+11 2.237828856127335205e+11
1.689362445779639816e+10 2.239309638464592285e+11 2.225380949333034668e+11
1.697939148446997070e+10 2.236257480539252625e+11 2.232671027753543091e+11
1.689824362167666435e+10 2.244675223938977356e+11 2.230126821387940674e+11
1.692930417673691750e+10 2.224504343455029907e+11 2.226593990628598633e+11
