1.574704764873672867e+10 2.176141358397230530e+11 2.175887797652066345e+11
1.647895182659711456e+10 2.196054837753456726e+11 2.208591072544024048e+11
1.652292395789237022e+10 2.208870614137931824e+11 2.218771753501652222e+11
1.676726813839960480e+10 2.230370668559537964e+11 2.225217938620715942e+11
1.700537029060019684e+10 2.236648360578820801e+11 2.243379048404799194e+11
1.684114967050713730e+10 2.228067140545920105e+11 2.222665481565726318e+11
1.689431471506773186e+10 2.233146460317554932e+11 2.228422184759284363e+11
1.685569556890499878e+10 2.235971321424872131e+11 2.235110510821335144e+11
1.697781974457331467e+10 2.237050433103237000e+11 2.224416974350881348e+11
1.696756497714320183e+10 2.234275275982416992e+11 2.232135135769961243e+11
