9.728133207960154116e+07 5.155063726201549172e+08 5.667957976971983910e+08
8.820784006104946136e+07 6.201537484450330734e+08 4.135005669785870910e+08
8.208457276633225381e+07 5.458236567170796394e+08 4.587923281110894680e+08
7.652860637234419584e+07 5.169451976442024112e+08 5.467219300280511379e+08
9.658939097518889606e+07 5.799811907956641912e+08 4.533289747260814905e+08
8.270320097757495940e+07 4.768438897064858079e+08 5.319631586343388557e+08
1.006923851229679286e+08 6.605005976475749016e+08 6.305822207299597263e+08
9.078369133557812870e+07 4.650878500219338536e+08 5.420849383954348564e+08
8.320409720771744847e+07 6.758279571157673597e+08 6.328454350080248117e+08
1.008451301163010150e+08 6.733603366136105061e+08 5.965930560071287155e+08
