1.574753168229914474e+10 2.172709127547904663e+11 2.170152856579556274e+11
1.638687826992279053e+10 2.211565264385791016e+11 2.197697733861929932e+11
1.656297784064144516e+10 2.210573407606482849e+11 2.213557120735415039e+11
1.681778018287695885e+10 2.226369699856679993e+11 2.224001148297642212e+11
1.680034991612614059e+10 2.227274327950374451e+11 2.220786487250786133e+11
1.683310640779498100e+10 2.227009268829407349e+11 2.235361752099827881e+11
1.693968170876252747e+10 2.242098051093472900e+11 2.228256866821871033e+11
1.684662208426398659e+10 2.230600799556550598e+11 2.224887442851361694e+11
1.692340888874178696e+10 2.225793778719946899e+11 2.231350465453462830e+11
1.685177365673261261e+10 2.229431827982393494e+11 2.226991170624841003e+11
