1.676119274857272394e+06 -5.236742073965809823e+02 -8.580486070579378293e+02
1.673428835393036250e+06 1.600688538805957478e+03 5.973986544313640934e+02
1.672175948071766878e+06 1.183250897110736787e+03 1.821569973691370024e+02
1.671860545472698519e+06 4.259780271767309046e+02 9.830399953239073056e+02
1.671708398754562717e+06 -6.444655856326996854e+02 -2.542720582318473532e+00
1.671163667941313237e+06 -6.269422449198843879e+02 9.967833475125771656e+02
1.671345766762990272e+06 9.794670304318351555e+02 1.309265280742793493e+03
1.671186855589974904e+06 -1.235815571547948139e+03 -1.327740058249192998e+03
1.671039097031255253e+06 -1.101666504459960834e+03 7.202492273540223096e+02
1.671740546537977178e+06 7.328289923040829308e+02 -1.248237605213114421e+01
