2.162866558815919973e+02 7.678786790526962704e+02 7.416138807229579015e+02
2.933560389160581963e+02 9.304571729889522658e+02 1.035170905283105640e+03
3.121369765686240498e+02 1.025794476158177304e+03 9.388472822214646385e+02
2.671815176273681800e+02 1.078664502827162096e+03 7.893192007547528419e+02
2.899366100096457899e+02 7.285759520253493520e+02 1.231111934197491564e+03
2.203916357657109586e+02 8.754340134767008976e+02 1.078317336998051587e+03
2.462941680200498524e+02 7.834537178265688908e+02 8.102880340112427575e+02
2.967046906067989767e+02 8.801484883664162453e+02 1.070248683362023485e+03
2.865242657174906640e+02 7.829842496207758131e+02 9.820374685478615220e+02
2.343760424117257344e+02 7.966736820356572935e+02 9.119761940779862925e+02
