7.872835183748243749e+07 5.762066361625785828e+08 4.943567369958016276e+08
7.163698046998776495e+07 6.789385341498667002e+08 5.710344414919691086e+08
8.657310526225918531e+07 5.302254132961629629e+08 5.209959164265967607e+08
8.472159443321196735e+07 4.593002456474297643e+08 4.954274598794389367e+08
9.190640213640390337e+07 6.674774387564816475e+08 5.701293454718048573e+08
9.318017658379848301e+07 5.759995247797837257e+08 5.974396615943019390e+08
8.573543387424424291e+07 3.692568003455036879e+08 7.153627558566275835e+08
9.933829845941826701e+07 5.719277363764830828e+08 4.982427029671454430e+08
9.240272582660748065e+07 6.188728176308754683e+08 5.803831718683547974e+08
9.576484140532971919e+07 5.843179065259667635e+08 5.824045229078941345e+08
