7.758206369499656558e+07 5.408749131374993324e+08 4.538771431048971415e+08
7.723365283998265862e+07 6.359454800367723703e+08 6.820654524793220758e+08
1.029528633680872917e+08 6.690207521721193790e+08 5.989832321680842638e+08
8.228143061810840666e+07 6.293256495504176617e+08 6.388587994444866180e+08
9.157022349584375322e+07 6.062853572010027170e+08 5.908213760108906031e+08
1.067739876026460826e+08 5.592821654345517159e+08 5.272535469534283876e+08
8.807648418823480606e+07 5.787195738508337736e+08 5.069529730568735600e+08
7.662346263157333434e+07 6.793101341714419127e+08 6.090612439279280901e+08
7.820324126622305810e+07 6.110735888940896988e+08 5.038255739389398098e+08
9.312140188443343341e+07 5.768399862603465319e+08 5.867043429011656046e+08
