1.675055745477932738e+06 -1.694299773796497277e+02 -1.694217421502135039e+03
1.673255520797442645e+06 2.281741890146603851e+02 2.685054374717567072e+01
1.672564074460891075e+06 1.109830327682595907e+03 1.230343288021197623e+03
1.671654998173332773e+06 9.254727652937309585e+02 -3.605122431875512348e+02
1.670851346876469208e+06 6.489648048557421589e+01 -4.305243042251616714e+01
1.671769588168619433e+06 4.963604948587874333e+01 1.909753643449991216e+02
1.671435465406892356e+06 -2.247281159334844233e+03 -8.852140130022376070e+02
1.671160098396669142e+06 1.385445363318756790e+03 -3.694123451557309181e+02
1.671411432110576425e+06 -1.826812946871312988e+02 -2.304794712305063911e+02
1.671271076967521338e+06 1.325664189815418467e+03 -6.621956690525214526e+02
