2.306289567930172666e+02 1.075143244521357474e+03 8.603360528429382157e+02
2.974704980598502857e+02 9.974319597438982328e+02 9.651267409584833104e+02
2.626539803002908684e+02 8.730015222843099991e+02 9.459205177111304010e+02
2.096688103324219981e+02 7.470182760062948546e+02 8.693613932220631568e+02
2.685493664228653756e+02 9.917093888904253163e+02 8.981831432841148626e+02
2.441217803762813503e+02 6.667661684882452846e+02 9.564224811980816412e+02
2.539047054379340693e+02 9.263977523848546980e+02 7.895606707980209649e+02
2.403283967621821660e+02 9.067097721370212184e+02 8.457961747394356280e+02
2.545049075795916735e+02 7.251120945260274766e+02 1.019480129891100432e+03
2.369797018748728874e+02 7.949600198878960100e+02 1.170354335429433377e+03
