1.672517877268822165e+06 -4.758199550662862976e+02 -3.670554586509540513e+02
1.671544701481528580e+06 -9.934505590956518972e+02 5.729937365211706037e+02
1.671866655309595633e+06 5.022331334993866676e+02 1.668169236407145490e+03
1.671108394383648178e+06 -6.047168065316651564e+01 -1.020826699109092488e+03
1.671458108068003319e+06 -7.154589373689316290e+02 -1.028976036118914408e+03
1.671007999298895476e+06 -1.517534211682023852e+03 -7.277536733773975186e+01
1.671363725938686635e+06 2.902706499983656840e+02 8.671683186609902805e+02
1.671133549113779562e+06 4.557432954662071722e+01 -2.259591680292103604e+02
1.671292778886806220e+06 1.536050435751299688e+02 -6.593019840262606976e+02
1.671348584250512300e+06 -4.683797795522941669e+02 -1.353469676910789303e+03
