2.456586619677856049e+02 8.051890925240899151e+02 7.341638030366725616e+02
2.415803705871228431e+02 1.184460716594603809e+03 9.895683944638818730e+02
2.657323324234611732e+02 7.904188288610441759e+02 8.278358756582374554e+02
2.129689730707447382e+02 9.519447392670799672e+02 7.238841245177137580e+02
2.900138862602129279e+02 9.016963586246165505e+02 8.639366253157662641e+02
2.609730138617225634e+02 1.180592934885891054e+03 9.831621643241003312e+02
2.427354925034752569e+02 8.227932296831983194e+02 9.323813593449314112e+02
2.204440869149169089e+02 9.767921684984479498e+02 9.869670757427461467e+02
2.512350955344321051e+02 1.011611767202523538e+03 9.636542693905659007e+02
2.137273786197179390e+02 8.964976306845026102e+02 7.858615874448186105e+02
